[gd_scene load_steps=35 format=3 uid="uid://dma00ivnxc7h4"]

[ext_resource type="PackedScene" uid="uid://xchk2np3pw4t" path="res://KayKit_Assets/adventurers_gltf/Knight.glb" id="1_nv6tm"]
[ext_resource type="Script" path="res://knight.cs" id="2_6a1ft"]

[sub_resource type="AnimationNodeAnimation" id="AnimationNodeAnimation_lglxf"]
animation = &"1H_Melee_Attack_Chop"

[sub_resource type="AnimationNodeAnimation" id="AnimationNodeAnimation_i3xra"]
animation = &"1H_Melee_Attack_Slice_Diagonal"

[sub_resource type="AnimationNodeAnimation" id="AnimationNodeAnimation_us1w8"]
animation = &"1H_Melee_Attack_Slice_Horizontal"

[sub_resource type="AnimationNodeAnimation" id="AnimationNodeAnimation_nomuj"]
animation = &"Death_A"

[sub_resource type="AnimationNodeAnimation" id="AnimationNodeAnimation_8lxas"]
animation = &"Running_A"

[sub_resource type="AnimationNodeAnimation" id="AnimationNodeAnimation_6ajs0"]
animation = &"Walking_Backwards"

[sub_resource type="AnimationNodeAnimation" id="AnimationNodeAnimation_lwn0o"]
animation = &"Running_Strafe_Left"

[sub_resource type="AnimationNodeAnimation" id="AnimationNodeAnimation_5lh2n"]
animation = &"Running_Strafe_Right"

[sub_resource type="AnimationNodeAnimation" id="AnimationNodeAnimation_b4s2a"]
animation = &"Idle"

[sub_resource type="AnimationNodeBlendSpace2D" id="AnimationNodeBlendSpace2D_5fjm7"]
blend_point_0/node = SubResource("AnimationNodeAnimation_8lxas")
blend_point_0/pos = Vector2(0, 1)
blend_point_1/node = SubResource("AnimationNodeAnimation_6ajs0")
blend_point_1/pos = Vector2(0, -1)
blend_point_2/node = SubResource("AnimationNodeAnimation_lwn0o")
blend_point_2/pos = Vector2(-1, 0)
blend_point_3/node = SubResource("AnimationNodeAnimation_5lh2n")
blend_point_3/pos = Vector2(1, 0)
blend_point_4/node = SubResource("AnimationNodeAnimation_b4s2a")
blend_point_4/pos = Vector2(0, 0)

[sub_resource type="AnimationNodeAnimation" id="AnimationNodeAnimation_n68bt"]
animation = &"Interact"

[sub_resource type="AnimationNodeAnimation" id="AnimationNodeAnimation_k5nv0"]
animation = &"Jump_Idle"

[sub_resource type="AnimationNodeAnimation" id="AnimationNodeAnimation_tifs2"]
animation = &"Jump_Land"

[sub_resource type="AnimationNodeAnimation" id="AnimationNodeAnimation_7dwh3"]
animation = &"Jump_Start"

[sub_resource type="AnimationNodeStateMachineTransition" id="AnimationNodeStateMachineTransition_s6g54"]
advance_mode = 2

[sub_resource type="AnimationNodeStateMachineTransition" id="AnimationNodeStateMachineTransition_eebq0"]

[sub_resource type="AnimationNodeStateMachineTransition" id="AnimationNodeStateMachineTransition_5mf0e"]
switch_mode = 2
advance_mode = 2

[sub_resource type="AnimationNodeStateMachineTransition" id="AnimationNodeStateMachineTransition_kveey"]
switch_mode = 2
advance_mode = 2

[sub_resource type="AnimationNodeStateMachineTransition" id="AnimationNodeStateMachineTransition_x8g4b"]

[sub_resource type="AnimationNodeStateMachineTransition" id="AnimationNodeStateMachineTransition_g8uj6"]

[sub_resource type="AnimationNodeStateMachineTransition" id="AnimationNodeStateMachineTransition_5jtef"]
switch_mode = 2
advance_mode = 2

[sub_resource type="AnimationNodeStateMachineTransition" id="AnimationNodeStateMachineTransition_fu4lw"]

[sub_resource type="AnimationNodeStateMachineTransition" id="AnimationNodeStateMachineTransition_qyha5"]
switch_mode = 2
advance_mode = 2

[sub_resource type="AnimationNodeStateMachineTransition" id="AnimationNodeStateMachineTransition_ldjhn"]

[sub_resource type="AnimationNodeStateMachineTransition" id="AnimationNodeStateMachineTransition_14dju"]

[sub_resource type="AnimationNodeStateMachineTransition" id="AnimationNodeStateMachineTransition_5fovn"]
switch_mode = 2
advance_mode = 2

[sub_resource type="AnimationNodeStateMachineTransition" id="AnimationNodeStateMachineTransition_dqihc"]

[sub_resource type="AnimationNodeStateMachineTransition" id="AnimationNodeStateMachineTransition_y4kwq"]
xfade_time = 0.1
switch_mode = 2
advance_mode = 2

[sub_resource type="AnimationNodeStateMachineTransition" id="AnimationNodeStateMachineTransition_0tx83"]
xfade_time = 0.5

[sub_resource type="AnimationNodeStateMachineTransition" id="AnimationNodeStateMachineTransition_4gvql"]

[sub_resource type="AnimationNodeStateMachine" id="AnimationNodeStateMachine_xg2kv"]
states/1H_Melee_Attack_Chop/node = SubResource("AnimationNodeAnimation_lglxf")
states/1H_Melee_Attack_Chop/position = Vector2(455, -9.08583)
states/1H_Melee_Attack_Slice_Diagonal/node = SubResource("AnimationNodeAnimation_i3xra")
states/1H_Melee_Attack_Slice_Diagonal/position = Vector2(260, -53.0858)
states/1H_Melee_Attack_Slice_Horizontal/node = SubResource("AnimationNodeAnimation_us1w8")
states/1H_Melee_Attack_Slice_Horizontal/position = Vector2(654, -53.0858)
states/Death_A/node = SubResource("AnimationNodeAnimation_nomuj")
states/Death_A/position = Vector2(689, 65)
states/IWR/node = SubResource("AnimationNodeBlendSpace2D_5fjm7")
states/IWR/position = Vector2(455, 100)
states/Interact/node = SubResource("AnimationNodeAnimation_n68bt")
states/Interact/position = Vector2(187, 43.9142)
states/Jump_Idle/node = SubResource("AnimationNodeAnimation_k5nv0")
states/Jump_Idle/position = Vector2(455, 251.979)
states/Jump_Land/node = SubResource("AnimationNodeAnimation_tifs2")
states/Jump_Land/position = Vector2(569, 176.979)
states/Jump_Start/node = SubResource("AnimationNodeAnimation_7dwh3")
states/Jump_Start/position = Vector2(351, 176.979)
transitions = ["Start", "IWR", SubResource("AnimationNodeStateMachineTransition_s6g54"), "IWR", "1H_Melee_Attack_Slice_Diagonal", SubResource("AnimationNodeStateMachineTransition_eebq0"), "1H_Melee_Attack_Slice_Diagonal", "IWR", SubResource("AnimationNodeStateMachineTransition_5mf0e"), "1H_Melee_Attack_Chop", "IWR", SubResource("AnimationNodeStateMachineTransition_kveey"), "IWR", "1H_Melee_Attack_Chop", SubResource("AnimationNodeStateMachineTransition_x8g4b"), "IWR", "1H_Melee_Attack_Slice_Horizontal", SubResource("AnimationNodeStateMachineTransition_g8uj6"), "1H_Melee_Attack_Slice_Horizontal", "IWR", SubResource("AnimationNodeStateMachineTransition_5jtef"), "IWR", "Interact", SubResource("AnimationNodeStateMachineTransition_fu4lw"), "Interact", "IWR", SubResource("AnimationNodeStateMachineTransition_qyha5"), "IWR", "Death_A", SubResource("AnimationNodeStateMachineTransition_ldjhn"), "IWR", "Jump_Start", SubResource("AnimationNodeStateMachineTransition_14dju"), "Jump_Start", "Jump_Idle", SubResource("AnimationNodeStateMachineTransition_5fovn"), "Jump_Idle", "Jump_Land", SubResource("AnimationNodeStateMachineTransition_dqihc"), "Jump_Land", "IWR", SubResource("AnimationNodeStateMachineTransition_y4kwq"), "IWR", "Jump_Idle", SubResource("AnimationNodeStateMachineTransition_0tx83"), "Jump_Idle", "Jump_Start", SubResource("AnimationNodeStateMachineTransition_4gvql")]
graph_offset = Vector2(122, 46.9785)

[sub_resource type="CapsuleShape3D" id="CapsuleShape3D_s34jb"]
height = 2.4

[node name="Knight" instance=ExtResource("1_nv6tm")]
script = ExtResource("2_6a1ft")

[node name="Skeleton3D" parent="Rig" index="0"]
transform = Transform3D(-1, 0, -8.74228e-08, 0, 1, 0, 8.74228e-08, 0, -1, 0, 0, 0)
bones/1/position = Vector3(0, 0.468839, 0)
bones/1/rotation = Quaternion(0, 0.074008, 0, 0.997258)
bones/2/rotation = Quaternion(0.0325891, -0.0739141, 0.00429043, 0.996723)
bones/3/rotation = Quaternion(0.00546119, -1.34812e-11, -5.82085e-11, 0.999985)
bones/4/rotation = Quaternion(-0.68118, -0.330455, -0.331472, 0.562956)
bones/5/rotation = Quaternion(1.30756e-08, -5.02185e-08, -0.57105, 0.820916)
bones/7/rotation = Quaternion(-0.038974, 0.0315558, 0.454632, 0.889267)
bones/8/rotation = Quaternion(1.60975e-09, 1.60975e-09, -0.707107, 0.707107)
bones/14/rotation = Quaternion(-0.666287, 0.35831, 0.350608, 0.552042)
bones/15/rotation = Quaternion(1.283e-08, 5.12366e-08, 0.525402, 0.850854)
bones/17/rotation = Quaternion(0.0186619, -0.0712512, -0.432025, 0.898849)
bones/18/rotation = Quaternion(1.60973e-09, -1.60973e-09, 0.707107, 0.707107)
bones/24/rotation = Quaternion(0.950332, 0.00452327, 0.0933333, 0.296881)
bones/25/rotation = Quaternion(0.498582, 5.83454e-08, -3.39802e-07, 0.866843)
bones/26/rotation = Quaternion(-0.250583, -0.0456173, 0.0127028, 0.966936)
bones/28/rotation = Quaternion(0.915986, -0.0648537, 0.0259917, 0.39508)
bones/29/rotation = Quaternion(0.855938, -2.98267e-08, 6.13714e-07, 0.517079)
bones/30/rotation = Quaternion(-0.679383, 0.0422696, -0.0541369, 0.730562)
bones/31/rotation = Quaternion(3.04791e-08, 0.920355, -0.391084, -6.94849e-08)
bones/32/rotation = Quaternion(0.707107, -2.29302e-07, -4.60552e-08, 0.707107)
bones/33/position = Vector3(0.210945, -0.000281977, 0.163613)
bones/33/rotation = Quaternion(-0.420781, 0.0183716, 0.0395617, 0.906113)
bones/34/rotation = Quaternion(7.10544e-15, -1.49012e-08, 1, 1.05879e-22)
bones/35/rotation = Quaternion(-1.04035e-07, 0.391084, 0.920355, -2.9526e-08)
bones/37/rotation = Quaternion(1, -1.69494e-15, 1.94009e-07, 1.86265e-09)
bones/39/rotation = Quaternion(0.707107, -3.82385e-08, 1.45009e-07, 0.707107)
bones/40/position = Vector3(-0.210945, 0.14902, 0.225909)
bones/40/rotation = Quaternion(-0.511457, -0.0223308, -0.0374699, 0.858201)
bones/41/rotation = Quaternion(7.10544e-15, -1.38321e-22, 1, -2.33983e-34)
bones/42/rotation = Quaternion(-1.04035e-07, 0.391084, 0.920355, -2.95261e-08)
bones/47/position = Vector3(0.620841, 1.13937, 0.0512295)
bones/47/rotation = Quaternion(0.611943, 0.354328, 0.440427, -0.553174)
bones/49/position = Vector3(-0.639244, 1.13747, 0.0597369)
bones/49/rotation = Quaternion(-0.565693, 0.380769, 0.423919, 0.596069)

[node name="1H_Sword_Offhand" parent="Rig/Skeleton3D" index="0"]
transform = Transform3D(-0.920913, 0.360978, 0.14701, 0.136922, -0.0535199, 0.989134, 0.364924, 0.931037, -0.000138893, 0.769293, 1.0665, 0.0716763)
visible = false
bone_idx = 9

[node name="Badge_Shield" parent="Rig/Skeleton3D" index="1"]
transform = Transform3D(-0.920912, 0.36098, 0.14701, 0.136921, -0.0535204, 0.989134, 0.364927, 0.931036, -0.000138457, 0.79221, 1.2207, 0.0716546)
visible = false
bone_idx = 10

[node name="Rectangle_Shield" parent="Rig/Skeleton3D" index="2"]
transform = Transform3D(-0.920912, 0.36098, 0.14701, 0.136921, -0.0535204, 0.989134, 0.364927, 0.931036, -0.000138457, 0.79221, 1.2207, 0.0716546)
visible = false
bone_idx = 11

[node name="Rectangle_Shield" parent="Rig/Skeleton3D/Rectangle_Shield" index="0"]
visible = false

[node name="Round_Shield" parent="Rig/Skeleton3D" index="3"]
transform = Transform3D(-0.920912, 0.36098, 0.14701, 0.136921, -0.0535204, 0.989134, 0.364927, 0.931036, -0.000138457, 0.79221, 1.2207, 0.0716546)
visible = false
bone_idx = 12

[node name="Spike_Shield" parent="Rig/Skeleton3D" index="4"]
transform = Transform3D(-0.920912, 0.36098, 0.14701, 0.136921, -0.0535204, 0.989134, 0.364927, 0.931036, -0.000138457, 0.79221, 1.2207, 0.0716546)
visible = false
bone_idx = 13

[node name="1H_Sword" parent="Rig/Skeleton3D" index="5"]
transform = Transform3D(0.936179, -0.350571, 0.0258106, -0.000438261, -0.0745899, -0.997214, 0.35152, 0.93356, -0.0699832, -0.802945, 1.07546, 0.0906188)
bone_idx = 19

[node name="2H_Sword" parent="Rig/Skeleton3D" index="6"]
transform = Transform3D(0.936179, -0.350571, 0.0258106, -0.000438249, -0.0745899, -0.997214, 0.35152, 0.93356, -0.0699831, -0.802945, 1.07546, 0.0906188)
visible = false
bone_idx = 20

[node name="Knight_Helmet" parent="Rig/Skeleton3D" index="7"]
transform = Transform3D(0.999993, -0.0037253, 0.000271539, 0.00373515, 0.997063, -0.0764936, 1.42306e-05, 0.076494, 0.99707, -0.00230372, 1.27754, 0.0432069)
visible = false
bone_idx = 22

[node name="Knight_Cape" parent="Rig/Skeleton3D" index="8"]
transform = Transform3D(0.999993, -0.0037253, 0.000271539, 0.00373515, 0.997063, -0.0764936, 1.42306e-05, 0.076494, 0.99707, -0.0023042, 1.27754, 0.0432069)
bone_idx = 23

[node name="AnimationTree" type="AnimationTree" parent="." index="2"]
tree_root = SubResource("AnimationNodeStateMachine_xg2kv")
anim_player = NodePath("../AnimationPlayer")
active = true
parameters/IWR/blend_position = Vector2(-0.00169206, 0.00436687)

[node name="CollisionShape3D" type="CollisionShape3D" parent="." index="3"]
transform = Transform3D(1, 0, 0, 0, 1, 0, 0, 0, 1, 0, 1.2, 0)
shape = SubResource("CapsuleShape3D_s34jb")

[node name="SpringArm3D" type="SpringArm3D" parent="." index="4"]
transform = Transform3D(1, 0, 0, 0, 1, 0, 0, 0, 1, 0, 2.5, 0)
spring_length = 5.0
margin = 0.1

[node name="Camera3D" type="Camera3D" parent="SpringArm3D" index="0"]
