[gd_scene load_steps=35 format=3 uid="uid://dma00ivnxc7h4"]

[ext_resource type="PackedScene" uid="uid://xchk2np3pw4t" path="res://KayKit_Assets/adventurers_gltf/Knight.glb" id="1_b88jx"]
[ext_resource type="Script" path="res://Player/knight.cs" id="2_2l0nh"]

[sub_resource type="AnimationNodeAnimation" id="AnimationNodeAnimation_lglxf"]
animation = &"1H_Melee_Attack_Chop"

[sub_resource type="AnimationNodeAnimation" id="AnimationNodeAnimation_i3xra"]
animation = &"1H_Melee_Attack_Slice_Diagonal"

[sub_resource type="AnimationNodeAnimation" id="AnimationNodeAnimation_us1w8"]
animation = &"1H_Melee_Attack_Slice_Horizontal"

[sub_resource type="AnimationNodeAnimation" id="AnimationNodeAnimation_nomuj"]
animation = &"Death_A"

[sub_resource type="AnimationNodeAnimation" id="AnimationNodeAnimation_8lxas"]
animation = &"Running_A"

[sub_resource type="AnimationNodeAnimation" id="AnimationNodeAnimation_6ajs0"]
animation = &"Walking_Backwards"

[sub_resource type="AnimationNodeAnimation" id="AnimationNodeAnimation_lwn0o"]
animation = &"Running_Strafe_Left"

[sub_resource type="AnimationNodeAnimation" id="AnimationNodeAnimation_5lh2n"]
animation = &"Running_Strafe_Right"

[sub_resource type="AnimationNodeAnimation" id="AnimationNodeAnimation_b4s2a"]
animation = &"Idle"

[sub_resource type="AnimationNodeBlendSpace2D" id="AnimationNodeBlendSpace2D_5fjm7"]
blend_point_0/node = SubResource("AnimationNodeAnimation_8lxas")
blend_point_0/pos = Vector2(0, 1)
blend_point_1/node = SubResource("AnimationNodeAnimation_6ajs0")
blend_point_1/pos = Vector2(0, -1)
blend_point_2/node = SubResource("AnimationNodeAnimation_lwn0o")
blend_point_2/pos = Vector2(-1, 0)
blend_point_3/node = SubResource("AnimationNodeAnimation_5lh2n")
blend_point_3/pos = Vector2(1, 0)
blend_point_4/node = SubResource("AnimationNodeAnimation_b4s2a")
blend_point_4/pos = Vector2(0, 0)

[sub_resource type="AnimationNodeAnimation" id="AnimationNodeAnimation_n68bt"]
animation = &"Interact"

[sub_resource type="AnimationNodeAnimation" id="AnimationNodeAnimation_k5nv0"]
animation = &"Jump_Idle"

[sub_resource type="AnimationNodeAnimation" id="AnimationNodeAnimation_tifs2"]
animation = &"Jump_Land"

[sub_resource type="AnimationNodeAnimation" id="AnimationNodeAnimation_7dwh3"]
animation = &"Jump_Start"

[sub_resource type="AnimationNodeStateMachineTransition" id="AnimationNodeStateMachineTransition_s6g54"]
advance_mode = 2

[sub_resource type="AnimationNodeStateMachineTransition" id="AnimationNodeStateMachineTransition_eebq0"]

[sub_resource type="AnimationNodeStateMachineTransition" id="AnimationNodeStateMachineTransition_5mf0e"]
switch_mode = 2
advance_mode = 2

[sub_resource type="AnimationNodeStateMachineTransition" id="AnimationNodeStateMachineTransition_kveey"]
switch_mode = 2
advance_mode = 2

[sub_resource type="AnimationNodeStateMachineTransition" id="AnimationNodeStateMachineTransition_x8g4b"]

[sub_resource type="AnimationNodeStateMachineTransition" id="AnimationNodeStateMachineTransition_g8uj6"]

[sub_resource type="AnimationNodeStateMachineTransition" id="AnimationNodeStateMachineTransition_5jtef"]
switch_mode = 2
advance_mode = 2

[sub_resource type="AnimationNodeStateMachineTransition" id="AnimationNodeStateMachineTransition_fu4lw"]

[sub_resource type="AnimationNodeStateMachineTransition" id="AnimationNodeStateMachineTransition_qyha5"]
switch_mode = 2
advance_mode = 2

[sub_resource type="AnimationNodeStateMachineTransition" id="AnimationNodeStateMachineTransition_ldjhn"]

[sub_resource type="AnimationNodeStateMachineTransition" id="AnimationNodeStateMachineTransition_14dju"]

[sub_resource type="AnimationNodeStateMachineTransition" id="AnimationNodeStateMachineTransition_5fovn"]
switch_mode = 2
advance_mode = 2

[sub_resource type="AnimationNodeStateMachineTransition" id="AnimationNodeStateMachineTransition_dqihc"]

[sub_resource type="AnimationNodeStateMachineTransition" id="AnimationNodeStateMachineTransition_y4kwq"]
xfade_time = 0.1
switch_mode = 2
advance_mode = 2

[sub_resource type="AnimationNodeStateMachineTransition" id="AnimationNodeStateMachineTransition_0tx83"]
xfade_time = 0.5

[sub_resource type="AnimationNodeStateMachineTransition" id="AnimationNodeStateMachineTransition_4gvql"]

[sub_resource type="AnimationNodeStateMachine" id="AnimationNodeStateMachine_xg2kv"]
states/1H_Melee_Attack_Chop/node = SubResource("AnimationNodeAnimation_lglxf")
states/1H_Melee_Attack_Chop/position = Vector2(455, -9.08583)
states/1H_Melee_Attack_Slice_Diagonal/node = SubResource("AnimationNodeAnimation_i3xra")
states/1H_Melee_Attack_Slice_Diagonal/position = Vector2(260, -53.0858)
states/1H_Melee_Attack_Slice_Horizontal/node = SubResource("AnimationNodeAnimation_us1w8")
states/1H_Melee_Attack_Slice_Horizontal/position = Vector2(654, -53.0858)
states/Death_A/node = SubResource("AnimationNodeAnimation_nomuj")
states/Death_A/position = Vector2(689, 65)
states/IWR/node = SubResource("AnimationNodeBlendSpace2D_5fjm7")
states/IWR/position = Vector2(455, 100)
states/Interact/node = SubResource("AnimationNodeAnimation_n68bt")
states/Interact/position = Vector2(187, 43.9142)
states/Jump_Idle/node = SubResource("AnimationNodeAnimation_k5nv0")
states/Jump_Idle/position = Vector2(455, 251.979)
states/Jump_Land/node = SubResource("AnimationNodeAnimation_tifs2")
states/Jump_Land/position = Vector2(569, 176.979)
states/Jump_Start/node = SubResource("AnimationNodeAnimation_7dwh3")
states/Jump_Start/position = Vector2(351, 176.979)
transitions = ["Start", "IWR", SubResource("AnimationNodeStateMachineTransition_s6g54"), "IWR", "1H_Melee_Attack_Slice_Diagonal", SubResource("AnimationNodeStateMachineTransition_eebq0"), "1H_Melee_Attack_Slice_Diagonal", "IWR", SubResource("AnimationNodeStateMachineTransition_5mf0e"), "1H_Melee_Attack_Chop", "IWR", SubResource("AnimationNodeStateMachineTransition_kveey"), "IWR", "1H_Melee_Attack_Chop", SubResource("AnimationNodeStateMachineTransition_x8g4b"), "IWR", "1H_Melee_Attack_Slice_Horizontal", SubResource("AnimationNodeStateMachineTransition_g8uj6"), "1H_Melee_Attack_Slice_Horizontal", "IWR", SubResource("AnimationNodeStateMachineTransition_5jtef"), "IWR", "Interact", SubResource("AnimationNodeStateMachineTransition_fu4lw"), "Interact", "IWR", SubResource("AnimationNodeStateMachineTransition_qyha5"), "IWR", "Death_A", SubResource("AnimationNodeStateMachineTransition_ldjhn"), "IWR", "Jump_Start", SubResource("AnimationNodeStateMachineTransition_14dju"), "Jump_Start", "Jump_Idle", SubResource("AnimationNodeStateMachineTransition_5fovn"), "Jump_Idle", "Jump_Land", SubResource("AnimationNodeStateMachineTransition_dqihc"), "Jump_Land", "IWR", SubResource("AnimationNodeStateMachineTransition_y4kwq"), "IWR", "Jump_Idle", SubResource("AnimationNodeStateMachineTransition_0tx83"), "Jump_Idle", "Jump_Start", SubResource("AnimationNodeStateMachineTransition_4gvql")]
graph_offset = Vector2(122, 46.9785)

[sub_resource type="CapsuleShape3D" id="CapsuleShape3D_s34jb"]
height = 2.4

[node name="Knight" instance=ExtResource("1_b88jx")]
script = ExtResource("2_2l0nh")

[node name="Skeleton3D" parent="Rig" index="0"]
transform = Transform3D(-1, 0, -8.74228e-08, 0, 1, 0, 8.74228e-08, 0, -1, 0, 0, 0)
bones/0/position = Vector3(0, 1.61736e-05, 0)
bones/0/rotation = Quaternion(-3.04883e-11, 0.000886078, 5.28073e-11, 1)
bones/1/position = Vector3(1.46715e-18, 0.386254, 3.0057e-18)
bones/1/rotation = Quaternion(0.000608261, 0.0428847, -9.17306e-05, 0.99908)
bones/2/rotation = Quaternion(0.000723862, -5.68552e-05, 7.39106e-05, 1)
bones/3/rotation = Quaternion(0.000289484, -0.000258826, 0.000146645, 1)
bones/4/position = Vector3(0.211948, 0.134045, -0.000281393)
bones/4/rotation = Quaternion(-0.559524, -0.0606282, -0.641074, 0.521806)
bones/5/rotation = Quaternion(1.98696e-08, -4.9572e-08, -0.503208, 0.864166)
bones/7/rotation = Quaternion(-0.320966, -0.328912, 0.145481, 0.876147)
bones/8/rotation = Quaternion(-0.000103556, 0.000558145, -0.70533, 0.708879)
bones/14/position = Vector3(-0.211911, 0.134026, -0.000271254)
bones/14/rotation = Quaternion(-0.617415, 0.0805671, 0.615647, 0.482997)
bones/15/rotation = Quaternion(2.97216e-08, 5.5703e-08, 0.525268, 0.850937)
bones/17/rotation = Quaternion(-0.320168, 0.304206, -0.226387, 0.868159)
bones/18/rotation = Quaternion(0.000171628, 0.000590608, 0.705289, 0.70892)
bones/21/rotation = Quaternion(-0.00079778, -0.0311424, 0.000136832, 0.999515)
bones/24/position = Vector3(0.170945, 0.113587, -0.0002429)
bones/24/rotation = Quaternion(0.993081, 0.0828371, 0.0747881, 0.0365444)
bones/25/rotation = Quaternion(0.26169, 6.48577e-08, -1.82328e-07, 0.965152)
bones/26/rotation = Quaternion(-0.551924, -0.206094, 0.0536145, 0.806245)
bones/27/rotation = Quaternion(-3.02695e-08, 0.920048, -0.391807, 6.94627e-08)
bones/28/position = Vector3(-0.170945, 0.113587, 0.000242928)
bones/28/rotation = Quaternion(0.995804, -0.0302179, 0.0309402, 0.0806454)
bones/29/rotation = Quaternion(0.328807, -6.25492e-08, 2.2915e-07, 0.944397)
bones/30/rotation = Quaternion(-0.585741, 0.113359, -0.0129305, 0.802428)
bones/31/rotation = Quaternion(3.04668e-08, 0.920355, -0.391084, -6.94898e-08)
bones/32/position = Vector3(0.170945, 0.292855, 0.576357)
bones/32/rotation = Quaternion(0.707107, -2.29302e-07, -4.60552e-08, 0.707107)
bones/33/position = Vector3(0.201993, 0.0256645, 0.204728)
bones/33/rotation = Quaternion(-0.706678, -7.05735e-08, -7.04871e-08, 0.707535)
bones/34/rotation = Quaternion(9.59996e-09, 1.76887e-09, 0.985891, -0.167387)
bones/35/rotation = Quaternion(-1.04035e-07, 0.391084, 0.920355, -2.9526e-08)
bones/37/rotation = Quaternion(1, -2.4534e-11, 1.94708e-07, 3.1517e-12)
bones/39/position = Vector3(-0.170945, 0.292855, 0.576357)
bones/39/rotation = Quaternion(0.707107, -3.82385e-08, 1.45009e-07, 0.707107)
bones/40/position = Vector3(-0.170945, 0.0260415, 0.244716)
bones/40/rotation = Quaternion(-0.70466, -7.0799e-08, -7.02472e-08, 0.709545)
bones/41/rotation = Quaternion(-5.78845e-09, 6.41191e-10, 0.994872, 0.101142)
bones/42/rotation = Quaternion(-1.04035e-07, 0.391084, 0.920355, -2.95261e-08)
bones/44/rotation = Quaternion(1, 4.44086e-16, 1.94707e-07, 6.88718e-22)
bones/46/position = Vector3(0.454581, 1.10521, -0.588243)
bones/46/rotation = Quaternion(-0.707107, -0.000208895, -0.000208895, 0.707107)
bones/47/position = Vector3(0.52058, 0.785712, -0.0556599)
bones/47/rotation = Quaternion(0.792769, 0.00227741, 0.609517, 0.000907581)
bones/48/position = Vector3(-0.453092, 1.10555, -0.589641)
bones/48/rotation = Quaternion(-0.707107, -0.000208895, -0.000208895, 0.707107)
bones/49/position = Vector3(-0.510863, 0.785712, 0.0600546)
bones/49/rotation = Quaternion(-0.75683, 0.00302787, 0.653604, -0.00102994)

[node name="1H_Sword_Offhand" parent="Rig/Skeleton3D" index="0"]
transform = Transform3D(0.000381943, 0.260187, 0.965558, 0.999996, 0.00225039, -0.00100148, -0.0024332, 0.965555, -0.260185, 0.511778, 0.634326, 0.000926321)
visible = false
bone_idx = 9

[node name="Badge_Shield" parent="Rig/Skeleton3D" index="1"]
transform = Transform3D(0.000381958, 0.260187, 0.965558, 0.999996, 0.00224785, -0.00100082, -0.00243058, 0.965555, -0.260185, 0.662294, 0.63417, -0.0396327)
visible = false
bone_idx = 10

[node name="Rectangle_Shield" parent="Rig/Skeleton3D" index="2"]
transform = Transform3D(0.000381958, 0.260187, 0.965558, 0.999996, 0.00224785, -0.00100082, -0.00243058, 0.965555, -0.260185, 0.662294, 0.63417, -0.0396327)
visible = false
bone_idx = 11

[node name="Rectangle_Shield" parent="Rig/Skeleton3D/Rectangle_Shield" index="0"]
visible = false

[node name="Round_Shield" parent="Rig/Skeleton3D" index="3"]
transform = Transform3D(0.000381958, 0.260187, 0.965558, 0.999996, 0.00224785, -0.00100082, -0.00243058, 0.965555, -0.260185, 0.662294, 0.63417, -0.0396327)
visible = false
bone_idx = 12

[node name="Spike_Shield" parent="Rig/Skeleton3D" index="4"]
transform = Transform3D(0.000381958, 0.260187, 0.965558, 0.999996, 0.00224785, -0.00100082, -0.00243058, 0.965555, -0.260185, 0.662294, 0.63417, -0.0396327)
visible = false
bone_idx = 13

[node name="1H_Sword" parent="Rig/Skeleton3D" index="5"]
transform = Transform3D(-0.0026579, -0.147388, 0.989075, 0.999994, 0.00119297, 0.00286472, -0.00160182, 0.989077, 0.147385, -0.495207, 0.638507, 0.142311)
bone_idx = 19

[node name="2H_Sword" parent="Rig/Skeleton3D" index="6"]
transform = Transform3D(-0.00265792, -0.147388, 0.989075, 0.999994, 0.00119295, 0.00286473, -0.00160181, 0.989077, 0.147385, -0.495207, 0.638507, 0.142311)
visible = false
bone_idx = 20

[node name="Knight_Helmet" parent="Rig/Skeleton3D" index="7"]
transform = Transform3D(0.999696, -0.000387086, 0.0246383, 0.000428526, 0.999998, -0.00167666, -0.0246376, 0.00168671, 0.999695, 0.00013061, 1.19649, 0.00206434)
visible = false
bone_idx = 22

[node name="Knight_Cape" parent="Rig/Skeleton3D" index="8"]
transform = Transform3D(0.996224, -2.48806e-05, 0.0868265, 0.000308234, 0.999995, -0.00325003, -0.086826, 0.00326452, 0.996218, 0.000120875, 1.1965, 0.00202403)
bone_idx = 23

[node name="AnimationTree" type="AnimationTree" parent="." index="2"]
tree_root = SubResource("AnimationNodeStateMachine_xg2kv")
anim_player = NodePath("../AnimationPlayer")
active = true
parameters/IWR/blend_position = Vector2(-0.00169206, 0.00436687)

[node name="CollisionShape3D" type="CollisionShape3D" parent="." index="3"]
transform = Transform3D(1, 0, 0, 0, 1, 0, 0, 0, 1, 0, 1.2, 0)
shape = SubResource("CapsuleShape3D_s34jb")

[node name="SpringArm3D" type="SpringArm3D" parent="." index="4"]
transform = Transform3D(1, 0, 0, 0, 1, 0, 0, 0, 1, 0, 2.5, 0)
spring_length = 5.0
margin = 0.1

[node name="Camera3D" type="Camera3D" parent="SpringArm3D" index="0"]
