[gd_scene load_steps=35 format=3 uid="uid://dma00ivnxc7h4"]

[ext_resource type="PackedScene" uid="uid://xchk2np3pw4t" path="res://KayKit_Assets/adventurers_gltf/Knight.glb" id="1_b88jx"]
[ext_resource type="Script" path="res://Player/knight.cs" id="2_2l0nh"]

[sub_resource type="AnimationNodeAnimation" id="AnimationNodeAnimation_lglxf"]
animation = &"1H_Melee_Attack_Chop"

[sub_resource type="AnimationNodeAnimation" id="AnimationNodeAnimation_i3xra"]
animation = &"1H_Melee_Attack_Slice_Diagonal"

[sub_resource type="AnimationNodeAnimation" id="AnimationNodeAnimation_us1w8"]
animation = &"1H_Melee_Attack_Slice_Horizontal"

[sub_resource type="AnimationNodeAnimation" id="AnimationNodeAnimation_nomuj"]
animation = &"Death_A"

[sub_resource type="AnimationNodeAnimation" id="AnimationNodeAnimation_8lxas"]
animation = &"Running_A"

[sub_resource type="AnimationNodeAnimation" id="AnimationNodeAnimation_6ajs0"]
animation = &"Walking_Backwards"

[sub_resource type="AnimationNodeAnimation" id="AnimationNodeAnimation_lwn0o"]
animation = &"Running_Strafe_Left"

[sub_resource type="AnimationNodeAnimation" id="AnimationNodeAnimation_5lh2n"]
animation = &"Running_Strafe_Right"

[sub_resource type="AnimationNodeAnimation" id="AnimationNodeAnimation_b4s2a"]
animation = &"Idle"

[sub_resource type="AnimationNodeBlendSpace2D" id="AnimationNodeBlendSpace2D_5fjm7"]
blend_point_0/node = SubResource("AnimationNodeAnimation_8lxas")
blend_point_0/pos = Vector2(0, 1)
blend_point_1/node = SubResource("AnimationNodeAnimation_6ajs0")
blend_point_1/pos = Vector2(0, -1)
blend_point_2/node = SubResource("AnimationNodeAnimation_lwn0o")
blend_point_2/pos = Vector2(-1, 0)
blend_point_3/node = SubResource("AnimationNodeAnimation_5lh2n")
blend_point_3/pos = Vector2(1, 0)
blend_point_4/node = SubResource("AnimationNodeAnimation_b4s2a")
blend_point_4/pos = Vector2(0, 0)

[sub_resource type="AnimationNodeAnimation" id="AnimationNodeAnimation_n68bt"]
animation = &"Interact"

[sub_resource type="AnimationNodeAnimation" id="AnimationNodeAnimation_k5nv0"]
animation = &"Jump_Idle"

[sub_resource type="AnimationNodeAnimation" id="AnimationNodeAnimation_tifs2"]
animation = &"Jump_Land"

[sub_resource type="AnimationNodeAnimation" id="AnimationNodeAnimation_7dwh3"]
animation = &"Jump_Start"

[sub_resource type="AnimationNodeStateMachineTransition" id="AnimationNodeStateMachineTransition_s6g54"]
advance_mode = 2

[sub_resource type="AnimationNodeStateMachineTransition" id="AnimationNodeStateMachineTransition_eebq0"]

[sub_resource type="AnimationNodeStateMachineTransition" id="AnimationNodeStateMachineTransition_5mf0e"]
switch_mode = 2
advance_mode = 2

[sub_resource type="AnimationNodeStateMachineTransition" id="AnimationNodeStateMachineTransition_kveey"]
switch_mode = 2
advance_mode = 2

[sub_resource type="AnimationNodeStateMachineTransition" id="AnimationNodeStateMachineTransition_x8g4b"]

[sub_resource type="AnimationNodeStateMachineTransition" id="AnimationNodeStateMachineTransition_g8uj6"]

[sub_resource type="AnimationNodeStateMachineTransition" id="AnimationNodeStateMachineTransition_5jtef"]
switch_mode = 2
advance_mode = 2

[sub_resource type="AnimationNodeStateMachineTransition" id="AnimationNodeStateMachineTransition_fu4lw"]

[sub_resource type="AnimationNodeStateMachineTransition" id="AnimationNodeStateMachineTransition_qyha5"]
switch_mode = 2
advance_mode = 2

[sub_resource type="AnimationNodeStateMachineTransition" id="AnimationNodeStateMachineTransition_ldjhn"]

[sub_resource type="AnimationNodeStateMachineTransition" id="AnimationNodeStateMachineTransition_14dju"]

[sub_resource type="AnimationNodeStateMachineTransition" id="AnimationNodeStateMachineTransition_5fovn"]
switch_mode = 2
advance_mode = 2

[sub_resource type="AnimationNodeStateMachineTransition" id="AnimationNodeStateMachineTransition_dqihc"]

[sub_resource type="AnimationNodeStateMachineTransition" id="AnimationNodeStateMachineTransition_y4kwq"]
xfade_time = 0.1
switch_mode = 2
advance_mode = 2

[sub_resource type="AnimationNodeStateMachineTransition" id="AnimationNodeStateMachineTransition_0tx83"]
xfade_time = 0.5

[sub_resource type="AnimationNodeStateMachineTransition" id="AnimationNodeStateMachineTransition_4gvql"]

[sub_resource type="AnimationNodeStateMachine" id="AnimationNodeStateMachine_xg2kv"]
states/1H_Melee_Attack_Chop/node = SubResource("AnimationNodeAnimation_lglxf")
states/1H_Melee_Attack_Chop/position = Vector2(455, -9.08583)
states/1H_Melee_Attack_Slice_Diagonal/node = SubResource("AnimationNodeAnimation_i3xra")
states/1H_Melee_Attack_Slice_Diagonal/position = Vector2(260, -53.0858)
states/1H_Melee_Attack_Slice_Horizontal/node = SubResource("AnimationNodeAnimation_us1w8")
states/1H_Melee_Attack_Slice_Horizontal/position = Vector2(654, -53.0858)
states/Death_A/node = SubResource("AnimationNodeAnimation_nomuj")
states/Death_A/position = Vector2(689, 65)
states/IWR/node = SubResource("AnimationNodeBlendSpace2D_5fjm7")
states/IWR/position = Vector2(455, 100)
states/Interact/node = SubResource("AnimationNodeAnimation_n68bt")
states/Interact/position = Vector2(187, 43.9142)
states/Jump_Idle/node = SubResource("AnimationNodeAnimation_k5nv0")
states/Jump_Idle/position = Vector2(455, 251.979)
states/Jump_Land/node = SubResource("AnimationNodeAnimation_tifs2")
states/Jump_Land/position = Vector2(569, 176.979)
states/Jump_Start/node = SubResource("AnimationNodeAnimation_7dwh3")
states/Jump_Start/position = Vector2(351, 176.979)
transitions = ["Start", "IWR", SubResource("AnimationNodeStateMachineTransition_s6g54"), "IWR", "1H_Melee_Attack_Slice_Diagonal", SubResource("AnimationNodeStateMachineTransition_eebq0"), "1H_Melee_Attack_Slice_Diagonal", "IWR", SubResource("AnimationNodeStateMachineTransition_5mf0e"), "1H_Melee_Attack_Chop", "IWR", SubResource("AnimationNodeStateMachineTransition_kveey"), "IWR", "1H_Melee_Attack_Chop", SubResource("AnimationNodeStateMachineTransition_x8g4b"), "IWR", "1H_Melee_Attack_Slice_Horizontal", SubResource("AnimationNodeStateMachineTransition_g8uj6"), "1H_Melee_Attack_Slice_Horizontal", "IWR", SubResource("AnimationNodeStateMachineTransition_5jtef"), "IWR", "Interact", SubResource("AnimationNodeStateMachineTransition_fu4lw"), "Interact", "IWR", SubResource("AnimationNodeStateMachineTransition_qyha5"), "IWR", "Death_A", SubResource("AnimationNodeStateMachineTransition_ldjhn"), "IWR", "Jump_Start", SubResource("AnimationNodeStateMachineTransition_14dju"), "Jump_Start", "Jump_Idle", SubResource("AnimationNodeStateMachineTransition_5fovn"), "Jump_Idle", "Jump_Land", SubResource("AnimationNodeStateMachineTransition_dqihc"), "Jump_Land", "IWR", SubResource("AnimationNodeStateMachineTransition_y4kwq"), "IWR", "Jump_Idle", SubResource("AnimationNodeStateMachineTransition_0tx83"), "Jump_Idle", "Jump_Start", SubResource("AnimationNodeStateMachineTransition_4gvql")]
graph_offset = Vector2(122, 46.9785)

[sub_resource type="CapsuleShape3D" id="CapsuleShape3D_s34jb"]
height = 2.4

[node name="Knight" instance=ExtResource("1_b88jx")]
script = ExtResource("2_2l0nh")

[node name="Skeleton3D" parent="Rig" index="0"]
transform = Transform3D(-1, 0, -8.74228e-08, 0, 1, 0, 8.74228e-08, 0, -1, 0, 0, 0)
bones/0/position = Vector3(0, 0.000198929, 0)
bones/0/rotation = Quaternion(-3.04883e-11, 0.000886078, 5.28073e-11, 1)
bones/1/position = Vector3(-2.64428e-18, 0.39022, 2.40941e-19)
bones/1/rotation = Quaternion(0.000588753, 0.0428851, -9.25929e-05, 0.99908)
bones/2/rotation = Quaternion(0.000728712, -0.00104387, 0.000142639, 0.999999)
bones/3/rotation = Quaternion(0.000313608, -0.000276757, 5.42131e-05, 1)
bones/4/position = Vector3(0.211856, 0.133998, -0.000256358)
bones/4/rotation = Quaternion(-0.56066, -0.0626826, -0.647484, 0.512344)
bones/5/rotation = Quaternion(1.94972e-08, -4.29345e-08, -0.487486, 0.873131)
bones/7/rotation = Quaternion(-0.319927, -0.324939, 0.139252, 0.879017)
bones/8/rotation = Quaternion(0.000331406, 0.00104553, -0.703722, 0.710475)
bones/14/position = Vector3(-0.212004, 0.134072, -0.000296288)
bones/14/rotation = Quaternion(-0.616915, 0.0832699, 0.622748, 0.47399)
bones/15/rotation = Quaternion(2.03005e-08, 5.19261e-08, 0.510541, 0.859854)
bones/17/rotation = Quaternion(-0.317858, 0.299702, -0.220557, 0.872066)
bones/18/rotation = Quaternion(0.000833186, 0.00131449, 0.704634, 0.70957)
bones/21/rotation = Quaternion(-0.000770909, -0.0303872, 8.94193e-05, 0.999538)
bones/24/position = Vector3(0.170945, 0.113587, -0.000545927)
bones/24/rotation = Quaternion(0.993587, 0.0830006, 0.0737978, 0.0211945)
bones/25/rotation = Quaternion(0.225253, 6.62333e-08, -1.53024e-07, 0.9743)
bones/26/rotation = Quaternion(-0.529709, -0.207592, 0.0470702, 0.821035)
bones/27/rotation = Quaternion(-3.04795e-08, 0.920355, -0.391084, 6.94807e-08)
bones/28/position = Vector3(-0.170945, 0.113587, 0.000545954)
bones/28/rotation = Quaternion(0.996724, -0.0295386, 0.0312301, 0.0685154)
bones/29/rotation = Quaternion(0.292144, -6.33921e-08, 2.02876e-07, 0.956374)
bones/30/rotation = Quaternion(-0.569103, 0.113715, -0.0102594, 0.814301)
bones/31/rotation = Quaternion(3.04648e-08, 0.920355, -0.391084, -6.94908e-08)
bones/32/position = Vector3(0.170945, 0.292353, 0.575856)
bones/32/rotation = Quaternion(0.707107, -2.29302e-07, -4.60552e-08, 0.707107)
bones/33/position = Vector3(0.201993, 0.0266523, 0.201112)
bones/33/rotation = Quaternion(-0.702881, -7.09331e-08, -7.01415e-08, 0.711307)
bones/34/rotation = Quaternion(9.59996e-09, 1.76887e-09, 0.985891, -0.167387)
bones/35/rotation = Quaternion(-1.04035e-07, 0.391084, 0.920355, -2.9526e-08)
bones/37/rotation = Quaternion(1, -2.4534e-11, 1.94708e-07, 3.1517e-12)
bones/39/position = Vector3(-0.170945, 0.292353, 0.575855)
bones/39/rotation = Quaternion(0.707107, -3.82385e-08, 1.45009e-07, 0.707107)
bones/40/position = Vector3(-0.170945, 0.0276822, 0.247761)
bones/40/rotation = Quaternion(-0.708764, -7.03817e-08, -7.06787e-08, 0.705446)
bones/41/rotation = Quaternion(-5.78845e-09, 6.41191e-10, 0.994872, 0.101142)
bones/42/rotation = Quaternion(-1.04035e-07, 0.391084, 0.920355, -2.95261e-08)
bones/44/rotation = Quaternion(1, 4.44086e-16, 1.94707e-07, 6.88718e-22)
bones/46/position = Vector3(0.454581, 1.10521, -0.588243)
bones/46/rotation = Quaternion(-0.707107, -0.000208895, -0.000208895, 0.707107)
bones/47/position = Vector3(0.52058, 0.783503, -0.0558653)
bones/47/rotation = Quaternion(0.792894, 0.00203219, 0.609355, 0.000724539)
bones/48/position = Vector3(-0.453092, 1.10555, -0.589641)
bones/48/rotation = Quaternion(-0.707107, -0.000208895, -0.000208895, 0.707107)
bones/49/position = Vector3(-0.510863, 0.783503, 0.0598492)
bones/49/rotation = Quaternion(-0.756964, 0.00277264, 0.65345, -0.000860998)

[node name="1H_Sword_Offhand" parent="Rig/Skeleton3D" index="0"]
transform = Transform3D(0.0012526, 0.260421, 0.965494, 0.999994, -0.00302367, -0.000481569, 0.00279415, 0.96549, -0.260424, 0.511856, 0.631748, -2.00793e-05)
visible = false
bone_idx = 9

[node name="Badge_Shield" parent="Rig/Skeleton3D" index="1"]
transform = Transform3D(0.00125261, 0.260421, 0.965494, 0.999994, -0.0030262, -0.000480902, 0.00279677, 0.96549, -0.260423, 0.662363, 0.631673, -0.0406163)
visible = false
bone_idx = 10

[node name="Rectangle_Shield" parent="Rig/Skeleton3D" index="2"]
transform = Transform3D(0.00125261, 0.260421, 0.965494, 0.999994, -0.0030262, -0.000480902, 0.00279677, 0.96549, -0.260423, 0.662363, 0.631673, -0.0406163)
visible = false
bone_idx = 11

[node name="Rectangle_Shield" parent="Rig/Skeleton3D/Rectangle_Shield" index="0"]
visible = false

[node name="Round_Shield" parent="Rig/Skeleton3D" index="3"]
transform = Transform3D(0.00125261, 0.260421, 0.965494, 0.999994, -0.0030262, -0.000480902, 0.00279677, 0.96549, -0.260423, 0.662363, 0.631673, -0.0406163)
visible = false
bone_idx = 12

[node name="Spike_Shield" parent="Rig/Skeleton3D" index="4"]
transform = Transform3D(0.00125261, 0.260421, 0.965494, 0.999994, -0.0030262, -0.000480902, 0.00279677, 0.96549, -0.260423, 0.662363, 0.631673, -0.0406163)
visible = false
bone_idx = 13

[node name="1H_Sword" parent="Rig/Skeleton3D" index="5"]
transform = Transform3D(-0.00222786, -0.148901, 0.988849, 0.999995, -0.0022896, 0.00190782, 0.0019804, 0.988849, 0.148906, -0.495671, 0.635577, 0.140573)
bone_idx = 19

[node name="2H_Sword" parent="Rig/Skeleton3D" index="6"]
transform = Transform3D(-0.00222788, -0.148901, 0.988849, 0.999995, -0.00228961, 0.00190784, 0.00198041, 0.988849, 0.148906, -0.495671, 0.635577, 0.140573)
visible = false
bone_idx = 20

[node name="Knight_Helmet" parent="Rig/Skeleton3D" index="7"]
transform = Transform3D(0.999709, -0.000237952, 0.0241407, 0.000280106, 0.999998, -0.00174282, -0.0241403, 0.00174907, 0.999707, 8.85331e-05, 1.20064, 0.00205253)
visible = false
bone_idx = 22

[node name="Knight_Cape" parent="Rig/Skeleton3D" index="8"]
transform = Transform3D(0.996396, 2.46619e-05, 0.0848249, 0.000253555, 0.999995, -0.00326912, -0.0848246, 0.00327885, 0.99639, 8.13414e-05, 1.20064, 0.00201345)
bone_idx = 23

[node name="AnimationTree" type="AnimationTree" parent="." index="2"]
tree_root = SubResource("AnimationNodeStateMachine_xg2kv")
anim_player = NodePath("../AnimationPlayer")
active = true
parameters/IWR/blend_position = Vector2(-0.00169206, 0.00436687)

[node name="CollisionShape3D" type="CollisionShape3D" parent="." index="3"]
transform = Transform3D(1, 0, 0, 0, 1, 0, 0, 0, 1, 0, 1.2, 0)
shape = SubResource("CapsuleShape3D_s34jb")

[node name="SpringArm3D" type="SpringArm3D" parent="." index="4"]
transform = Transform3D(1, 0, 0, 0, 1, 0, 0, 0, 1, 0, 2.5, 0)
spring_length = 5.0
margin = 0.1

[node name="Camera3D" type="Camera3D" parent="SpringArm3D" index="0"]
