[gd_scene load_steps=34 format=3 uid="uid://dma00ivnxc7h4"]

[ext_resource type="PackedScene" uid="uid://xchk2np3pw4t" path="res://KayKit_Assets/adventurers_gltf/Knight.glb" id="1_nv6tm"]
[ext_resource type="Script" path="res://knight.cs" id="2_6a1ft"]

[sub_resource type="AnimationNodeAnimation" id="AnimationNodeAnimation_lglxf"]
animation = &"1H_Melee_Attack_Chop"

[sub_resource type="AnimationNodeAnimation" id="AnimationNodeAnimation_i3xra"]
animation = &"1H_Melee_Attack_Slice_Diagonal"

[sub_resource type="AnimationNodeAnimation" id="AnimationNodeAnimation_us1w8"]
animation = &"1H_Melee_Attack_Slice_Horizontal"

[sub_resource type="AnimationNodeAnimation" id="AnimationNodeAnimation_nomuj"]
animation = &"Death_A"

[sub_resource type="AnimationNodeAnimation" id="AnimationNodeAnimation_8lxas"]
animation = &"Running_A"

[sub_resource type="AnimationNodeAnimation" id="AnimationNodeAnimation_6ajs0"]
animation = &"Walking_Backwards"

[sub_resource type="AnimationNodeAnimation" id="AnimationNodeAnimation_lwn0o"]
animation = &"Running_Strafe_Left"

[sub_resource type="AnimationNodeAnimation" id="AnimationNodeAnimation_5lh2n"]
animation = &"Running_Strafe_Right"

[sub_resource type="AnimationNodeAnimation" id="AnimationNodeAnimation_b4s2a"]
animation = &"Idle"

[sub_resource type="AnimationNodeBlendSpace2D" id="AnimationNodeBlendSpace2D_5fjm7"]
blend_point_0/node = SubResource("AnimationNodeAnimation_8lxas")
blend_point_0/pos = Vector2(0, 1)
blend_point_1/node = SubResource("AnimationNodeAnimation_6ajs0")
blend_point_1/pos = Vector2(0, -1)
blend_point_2/node = SubResource("AnimationNodeAnimation_lwn0o")
blend_point_2/pos = Vector2(-1, 0)
blend_point_3/node = SubResource("AnimationNodeAnimation_5lh2n")
blend_point_3/pos = Vector2(1, 0)
blend_point_4/node = SubResource("AnimationNodeAnimation_b4s2a")
blend_point_4/pos = Vector2(0, 0)

[sub_resource type="AnimationNodeAnimation" id="AnimationNodeAnimation_n68bt"]
animation = &"Interact"

[sub_resource type="AnimationNodeAnimation" id="AnimationNodeAnimation_k5nv0"]
animation = &"Jump_Idle"

[sub_resource type="AnimationNodeAnimation" id="AnimationNodeAnimation_tifs2"]
animation = &"Jump_Land"

[sub_resource type="AnimationNodeAnimation" id="AnimationNodeAnimation_7dwh3"]
animation = &"Jump_Start"

[sub_resource type="AnimationNodeStateMachineTransition" id="AnimationNodeStateMachineTransition_s6g54"]
advance_mode = 2

[sub_resource type="AnimationNodeStateMachineTransition" id="AnimationNodeStateMachineTransition_eebq0"]

[sub_resource type="AnimationNodeStateMachineTransition" id="AnimationNodeStateMachineTransition_5mf0e"]
switch_mode = 2
advance_mode = 2

[sub_resource type="AnimationNodeStateMachineTransition" id="AnimationNodeStateMachineTransition_kveey"]
switch_mode = 2
advance_mode = 2

[sub_resource type="AnimationNodeStateMachineTransition" id="AnimationNodeStateMachineTransition_x8g4b"]

[sub_resource type="AnimationNodeStateMachineTransition" id="AnimationNodeStateMachineTransition_g8uj6"]

[sub_resource type="AnimationNodeStateMachineTransition" id="AnimationNodeStateMachineTransition_5jtef"]
switch_mode = 2
advance_mode = 2

[sub_resource type="AnimationNodeStateMachineTransition" id="AnimationNodeStateMachineTransition_fu4lw"]

[sub_resource type="AnimationNodeStateMachineTransition" id="AnimationNodeStateMachineTransition_qyha5"]
switch_mode = 2
advance_mode = 2

[sub_resource type="AnimationNodeStateMachineTransition" id="AnimationNodeStateMachineTransition_ldjhn"]

[sub_resource type="AnimationNodeStateMachineTransition" id="AnimationNodeStateMachineTransition_14dju"]

[sub_resource type="AnimationNodeStateMachineTransition" id="AnimationNodeStateMachineTransition_5fovn"]
switch_mode = 2
advance_mode = 2

[sub_resource type="AnimationNodeStateMachineTransition" id="AnimationNodeStateMachineTransition_dqihc"]

[sub_resource type="AnimationNodeStateMachineTransition" id="AnimationNodeStateMachineTransition_y4kwq"]
xfade_time = 0.1
switch_mode = 2
advance_mode = 2

[sub_resource type="AnimationNodeStateMachineTransition" id="AnimationNodeStateMachineTransition_0tx83"]

[sub_resource type="AnimationNodeStateMachine" id="AnimationNodeStateMachine_xg2kv"]
states/1H_Melee_Attack_Chop/node = SubResource("AnimationNodeAnimation_lglxf")
states/1H_Melee_Attack_Chop/position = Vector2(455, -9.08583)
states/1H_Melee_Attack_Slice_Diagonal/node = SubResource("AnimationNodeAnimation_i3xra")
states/1H_Melee_Attack_Slice_Diagonal/position = Vector2(260, -53.0858)
states/1H_Melee_Attack_Slice_Horizontal/node = SubResource("AnimationNodeAnimation_us1w8")
states/1H_Melee_Attack_Slice_Horizontal/position = Vector2(654, -53.0858)
states/Death_A/node = SubResource("AnimationNodeAnimation_nomuj")
states/Death_A/position = Vector2(689, 65)
states/IWR/node = SubResource("AnimationNodeBlendSpace2D_5fjm7")
states/IWR/position = Vector2(455, 100)
states/Interact/node = SubResource("AnimationNodeAnimation_n68bt")
states/Interact/position = Vector2(187, 43.9142)
states/Jump_Idle/node = SubResource("AnimationNodeAnimation_k5nv0")
states/Jump_Idle/position = Vector2(455, 251.979)
states/Jump_Land/node = SubResource("AnimationNodeAnimation_tifs2")
states/Jump_Land/position = Vector2(569, 176.979)
states/Jump_Start/node = SubResource("AnimationNodeAnimation_7dwh3")
states/Jump_Start/position = Vector2(351, 176.979)
transitions = ["Start", "IWR", SubResource("AnimationNodeStateMachineTransition_s6g54"), "IWR", "1H_Melee_Attack_Slice_Diagonal", SubResource("AnimationNodeStateMachineTransition_eebq0"), "1H_Melee_Attack_Slice_Diagonal", "IWR", SubResource("AnimationNodeStateMachineTransition_5mf0e"), "1H_Melee_Attack_Chop", "IWR", SubResource("AnimationNodeStateMachineTransition_kveey"), "IWR", "1H_Melee_Attack_Chop", SubResource("AnimationNodeStateMachineTransition_x8g4b"), "IWR", "1H_Melee_Attack_Slice_Horizontal", SubResource("AnimationNodeStateMachineTransition_g8uj6"), "1H_Melee_Attack_Slice_Horizontal", "IWR", SubResource("AnimationNodeStateMachineTransition_5jtef"), "IWR", "Interact", SubResource("AnimationNodeStateMachineTransition_fu4lw"), "Interact", "IWR", SubResource("AnimationNodeStateMachineTransition_qyha5"), "IWR", "Death_A", SubResource("AnimationNodeStateMachineTransition_ldjhn"), "IWR", "Jump_Start", SubResource("AnimationNodeStateMachineTransition_14dju"), "Jump_Start", "Jump_Idle", SubResource("AnimationNodeStateMachineTransition_5fovn"), "Jump_Idle", "Jump_Land", SubResource("AnimationNodeStateMachineTransition_dqihc"), "Jump_Land", "IWR", SubResource("AnimationNodeStateMachineTransition_y4kwq"), "IWR", "Jump_Idle", SubResource("AnimationNodeStateMachineTransition_0tx83")]
graph_offset = Vector2(122, 46.9785)

[sub_resource type="CapsuleShape3D" id="CapsuleShape3D_s34jb"]
height = 2.4

[node name="Knight" instance=ExtResource("1_nv6tm")]
collision_layer = 2
script = ExtResource("2_6a1ft")

[node name="Skeleton3D" parent="Rig" index="0"]
transform = Transform3D(-1, 0, -8.74228e-08, 0, 1, 0, 8.74228e-08, 0, -1, 0, 0, 0)
bones/0/position = Vector3(0, 3.74215e-05, 0)
bones/0/rotation = Quaternion(-3.04883e-11, 0.000886078, 5.28073e-11, 1)
bones/1/position = Vector3(-7.66362e-20, 0.391725, 1.42621e-18)
bones/1/rotation = Quaternion(0.000596244, 0.0428849, -9.22619e-05, 0.99908)
bones/2/rotation = Quaternion(0.000729101, -0.000613248, 0.00011248, 1)
bones/3/rotation = Quaternion(0.000301867, -0.000268037, 9.9238e-05, 1)
bones/4/position = Vector3(0.211901, 0.134021, -0.000268552)
bones/4/rotation = Quaternion(-0.561819, -0.0617332, -0.64312, 0.516667)
bones/5/rotation = Quaternion(2.0908e-08, -4.72704e-08, -0.495767, 0.868455)
bones/7/rotation = Quaternion(-0.32096, -0.325418, 0.143382, 0.877798)
bones/8/rotation = Quaternion(-0.000288255, 0.000408363, -0.706004, 0.708208)
bones/14/position = Vector3(-0.211958, 0.13405, -0.000284095)
bones/14/rotation = Quaternion(-0.618584, 0.0820478, 0.618181, 0.47799)
bones/15/rotation = Quaternion(2.49168e-08, 4.97094e-08, 0.518253, 0.855228)
bones/17/rotation = Quaternion(-0.319332, 0.300451, -0.224432, 0.87028)
bones/18/rotation = Quaternion(-0.00031186, -1.14851e-05, 0.705812, 0.7084)
bones/21/rotation = Quaternion(-0.000778092, -0.0309414, 0.00012382, 0.999521)
bones/24/position = Vector3(0.170945, 0.113587, 0.000113128)
bones/24/rotation = Quaternion(0.993753, 0.0833636, 0.0729521, 0.0135679)
bones/25/rotation = Quaternion(0.203259, 6.28618e-08, -1.3626e-07, 0.979125)
bones/26/rotation = Quaternion(-0.518989, -0.208242, 0.0438387, 0.827867)
bones/27/rotation = Quaternion(-3.04862e-08, 0.920355, -0.391084, 6.94863e-08)
bones/28/position = Vector3(-0.170945, 0.113587, -0.0001131)
bones/28/rotation = Quaternion(0.997277, -0.0292037, 0.0313559, 0.0600155)
bones/29/rotation = Quaternion(0.275123, -6.35634e-08, 1.93692e-07, 0.961409)
bones/30/rotation = Quaternion(-0.559495, 0.113815, -0.00877363, 0.820935)
bones/31/rotation = Quaternion(3.03627e-08, 0.920213, -0.391419, -6.94837e-08)
bones/32/position = Vector3(0.170945, 0.292783, 0.576285)
bones/32/rotation = Quaternion(0.707107, -2.29302e-07, -4.60552e-08, 0.707107)
bones/33/position = Vector3(0.201993, 0.0261752, 0.20354)
bones/33/rotation = Quaternion(-0.704106, -7.07945e-08, -7.02743e-08, 0.710095)
bones/34/rotation = Quaternion(9.59996e-09, 1.76887e-09, 0.985891, -0.167387)
bones/35/rotation = Quaternion(-1.04035e-07, 0.391084, 0.920355, -2.9526e-08)
bones/37/rotation = Quaternion(1, -2.4534e-11, 1.94708e-07, 3.1517e-12)
bones/39/position = Vector3(-0.170945, 0.292783, 0.576285)
bones/39/rotation = Quaternion(0.707107, -3.82385e-08, 1.45009e-07, 0.707107)
bones/40/position = Vector3(-0.170945, 0.0258183, 0.245598)
bones/40/rotation = Quaternion(-0.706912, -7.05494e-08, -7.05095e-08, 0.707302)
bones/41/rotation = Quaternion(-5.78845e-09, 6.41191e-10, 0.994872, 0.101142)
bones/42/rotation = Quaternion(-1.04035e-07, 0.391084, 0.920355, -2.95261e-08)
bones/44/rotation = Quaternion(1, 4.44086e-16, 1.94707e-07, 6.88718e-22)
bones/46/position = Vector3(0.454581, 1.10521, -0.588243)
bones/46/rotation = Quaternion(-0.707107, -0.000208895, -0.000208895, 0.707107)
bones/47/position = Vector3(0.52058, 0.788189, -0.0556838)
bones/47/rotation = Quaternion(0.792784, 0.00224833, 0.609498, 0.000886738)
bones/48/position = Vector3(-0.453092, 1.10555, -0.589641)
bones/48/rotation = Quaternion(-0.707107, -0.000208895, -0.000208895, 0.707107)
bones/49/position = Vector3(-0.510863, 0.788189, 0.0600308)
bones/49/rotation = Quaternion(-0.756845, 0.00299779, 0.653587, -0.00101084)

[node name="1H_Sword_Offhand" parent="Rig/Skeleton3D" index="0"]
transform = Transform3D(0.000764135, 0.260679, 0.965424, 0.99999, 0.00388182, -0.00183928, -0.0042269, 0.965417, -0.260673, 0.511948, 0.636782, 0.00050493)
visible = false
bone_idx = 9

[node name="Badge_Shield" parent="Rig/Skeleton3D" index="1"]
transform = Transform3D(0.000764152, 0.260679, 0.965425, 0.99999, 0.00387929, -0.00183861, -0.00422427, 0.965417, -0.260673, 0.662444, 0.636496, -0.0401302)
visible = false
bone_idx = 10

[node name="Rectangle_Shield" parent="Rig/Skeleton3D" index="2"]
transform = Transform3D(0.000764152, 0.260679, 0.965425, 0.99999, 0.00387929, -0.00183861, -0.00422427, 0.965417, -0.260673, 0.662444, 0.636496, -0.0401302)
visible = false
bone_idx = 11

[node name="Rectangle_Shield" parent="Rig/Skeleton3D/Rectangle_Shield" index="0"]
visible = false

[node name="Round_Shield" parent="Rig/Skeleton3D" index="3"]
transform = Transform3D(0.000764152, 0.260679, 0.965425, 0.99999, 0.00387929, -0.00183861, -0.00422427, 0.965417, -0.260673, 0.662444, 0.636496, -0.0401302)
visible = false
bone_idx = 12

[node name="Spike_Shield" parent="Rig/Skeleton3D" index="4"]
transform = Transform3D(0.000764152, 0.260679, 0.965425, 0.99999, 0.00387929, -0.00183861, -0.00422427, 0.965417, -0.260673, 0.662444, 0.636496, -0.0401302)
visible = false
bone_idx = 13

[node name="1H_Sword" parent="Rig/Skeleton3D" index="5"]
transform = Transform3D(-0.00160352, -0.145846, 0.989305, 0.999996, 0.00192081, 0.00190381, -0.00217767, 0.989305, 0.145842, -0.495541, 0.640792, 0.141483)
bone_idx = 19

[node name="2H_Sword" parent="Rig/Skeleton3D" index="6"]
transform = Transform3D(-0.00160354, -0.145846, 0.989305, 0.999996, 0.0019208, 0.00190382, -0.00217766, 0.989305, 0.145842, -0.495541, 0.640792, 0.141483)
visible = false
bone_idx = 20

[node name="Knight_Helmet" parent="Rig/Skeleton3D" index="7"]
transform = Transform3D(0.999714, -0.000338317, 0.0239101, 0.00037967, 0.999999, -0.001725, -0.0239095, 0.00173358, 0.999713, 0.000105729, 1.20199, 0.00205843)
visible = false
bone_idx = 22

[node name="Knight_Cape" parent="Rig/Skeleton3D" index="8"]
transform = Transform3D(0.996321, -5.72183e-06, 0.0857001, 0.000286269, 0.999995, -0.00326131, -0.0856996, 0.00327384, 0.996316, 9.67506e-05, 1.20199, 0.00201908)
bone_idx = 23

[node name="AnimationTree" type="AnimationTree" parent="." index="2"]
tree_root = SubResource("AnimationNodeStateMachine_xg2kv")
anim_player = NodePath("../AnimationPlayer")
active = true
parameters/IWR/blend_position = Vector2(-0.00169206, 0.00436687)

[node name="CollisionShape3D" type="CollisionShape3D" parent="." index="3"]
transform = Transform3D(1, 0, 0, 0, 1, 0, 0, 0, 1, 0, 1.2, 0)
shape = SubResource("CapsuleShape3D_s34jb")

[node name="SpringArm3D" type="SpringArm3D" parent="." index="4"]
transform = Transform3D(1, 0, 0, 0, 1, 0, 0, 0, 1, 0, 3.75, 0)
spring_length = 5.0
margin = 0.1

[node name="Camera3D" type="Camera3D" parent="SpringArm3D" index="0"]
transform = Transform3D(1, 0, 0, 0, 0.976672, 0.214735, 0, -0.214735, 0.976672, 0, 0, 0)
